9 classes
line
rect
copy
Rotate
delete
pack
ellipse
.dot
move
 V 12    0.964634 0.0139896 72.1197 0.175678 72.1197 0.969357 0.0140548 72.2318 -0.0414593 0.312865 0.042686 2.01667
 V 12    157.874 7.9527 0.069013 37.6708 0.149955 16.495 14.3973 -0.0687537 -0.269795 -0.117523 0.272373 5.43923
 V 12    -0.0358786 -0.995043 79.5875 0.693278 77.1219 0.751077 -0.642629 107.951 -1.55027 2.34252 2.64769 3.67933
 V 12    -7.50799 -76.947 -0.260653 28.9834 0.352806 15.1595 7.22542 0.104746 -29.8191 14.9705 -0.0176122 7.18372
 V 12    -0.983197 -0.0464062 69.8451 0.693577 44.2627 0.3691 -0.904872 115.837 -3.54519 3.62872 1.48741 4.834
 V 12    -154.639 -35.7763 -0.0701894 -6.45757 0.122284 7.06371 -19.8833 0.0778209 -49.2783 26.2469 -1.94879 9.4248
 V 12    0.425579 0.883473 67.428 0.620124 54.5289 0.992445 0.018454 164.551 9.04855 9.21675 8.75087 6.75
 V 12    129.394 78.1471 0.463093 55.6191 -0.288753 25.4551 -8.83776 -0.410054 76.7451 44.9035 -13.6568 -1.07595
 V 12    0.471979 -0.877058 62.8346 1.04589 45.7683 -0.0669499 -0.989447 158.798 -5.16061 6.44033 13.5377 5.60286
 V 12    127.898 -92.9686 -1.29479 51.6112 0.170534 -22.9239 10.6669 0.883972 -91.2809 37.493 8.97918 9.38705
 V 12    -0.979452 -0.0459676 147.215 0.672299 9.15586 -0.531005 0.474086 334.586 -6.0954 6.5397 2.28791 9.345
 V 12    -91.7653 -94.873 0.111366 14.2131 -1.15166 -46.9913 52.9157 0.587572 -96.2721 49.4233 -5.38846 27.1599
 V 12    0.0488306 0.993955 119.305 0.801227 43.8587 -0.156134 0.974735 311.818 -7.78219 8.1345 3.66852 9.15333
 V 12    102.139 -35.702 -1.56997 60.2565 -0.366145 -34.5881 70.7636 1.21078 -115.319 57.814 -3.13849 27.7273
 V 12    0 0 0.421637 0.0832697 0.421637 0.0210819 -0.0632456 0.421637 0 0 0 0.04
 V 12    1.30085 0.802043 0.00465612 4.26294 0.00525861 0.876598 -0.525939 -0.00565495 0.15712 0.0771935 0.0125873 -0.162218
 V 12    0.999387 0.00545121 73.4446 0.213308 45.3853 0.942945 -0.312762 104.837 2.61894 3.216 6.28334 3.94733
 V 12    183.25 17.9484 0.56431 34.1326 -0.326552 9.6875 -1.49416 -0.225847 17.6551 12.431 -0.555919 3.62847
 V 9    -98.4964 -114.562 -245.975 -556.615 -570.184 -753.895 -938.172 -0.201012 -150.056
 M 12 12
 175.468 8.71333 -0.135247 27.4881 -0.16212 -9.31192 12.7722 0.12502 0.153519 1.3478 0.867379 2.21715
 8.71333 67.9087 0.102375 -1.73605 -0.00268313 1.83127 -15.3415 -0.0708679 5.40157 -2.4865 0.627633 -1.86087
 -0.135247 0.102375 0.0397862 0.0459229 -0.0179292 -0.248794 -0.0671612 -0.0153241 0.131993 0.0473149 -0.000903859 -0.0231248
 27.4881 -1.73605 0.0459229 68.2691 -0.0399493 3.12328 22.4058 -0.0235383 0.647173 1.07901 -0.294546 -1.5796
 -0.16212 -0.00268313 -0.0179292 -0.0399493 0.0153598 0.202796 -0.0607584 0.00471021 -0.034701 -0.0550203 0.0112145 -0.0108864
 -9.31192 1.83127 -0.248794 3.12328 0.202796 28.1796 -0.839229 0.0353962 1.2866 -0.828485 -0.204069 -0.654075
 12.7722 -15.3415 -0.0671612 22.4058 -0.0607584 -0.839229 38.4147 0.0491054 -1.74022 -0.651852 -0.909904 2.22046
 0.12502 -0.0708679 -0.0153241 -0.0235383 0.00471021 0.0353962 0.0491054 0.00766412 -0.0834686 -0.0206214 0.00617174 -0.00229274
 0.153519 5.40157 0.131993 0.647173 -0.034701 1.2866 -1.74022 -0.0834686 11.1696 -0.985118 -0.947009 -0.994585
 1.3478 -2.4865 0.0473149 1.07901 -0.0550203 -0.828485 -0.651852 -0.0206214 -0.985118 8.10371 -1.34288 -0.611812
 0.867379 0.627633 -0.000903859 -0.294546 0.0112145 -0.204069 -0.909904 0.00617174 -0.947009 -1.34288 1.03948 -0.577019
 2.21715 -1.86087 -0.0231248 -1.5796 -0.0108864 -0.654075 2.22046 -0.00229274 -0.994585 -0.611812 -0.577019 3.47115
