11 classes
parstart
parend
delete
up
down
top
bottom
.dot
paste
bold
select
 V 12    -0.981138 -0.121676 48.9693 1.07576 42.3684 0.018445 -0.99203 77.6531 -2.9226 4.40199 3.64243 11.825
 V 12    -105.094 128.061 0.182993 22.6255 0.250737 34.6526 -116.839 -0.321137 -4.12996 15.7049 -3.2729 2.98536
 V 12    0.994058 -0.00848377 41.1507 1.00992 35.2037 0.192817 -0.973498 64.4463 3.06158 4.35587 3.89646 12.2063
 V 12    194.943 119.222 -0.603392 130.233 0.697904 -22.5942 -108.942 -0.0410281 3.56011 14.7454 -2.58108 2.44471
 V 12    0.713589 -0.255553 86.401 0.680255 78.9294 0.420288 -0.289828 151.87 -5.91561 6.96613 9.88572 12.2033
 V 12    126.998 23.7531 -1.08767 78.1549 0.963084 -9.91401 -28.2516 0.208332 -4.0517 12.0945 0.689303 2.12267
 V 12    -0.0130905 0.997763 59.6236 1.51667 59.5973 -0.0190699 0.998846 59.7733 -0.0439211 0.306944 0.061788 2.80667
 V 12    74.2965 60.2332 0.255024 147.042 -0.523587 -7.48313 23.8527 0.0711995 1.37098 -5.13019 1.34977 3.18141
 V 12    -0.0389925 -0.996814 72.759 1.51396 72.7433 -0.00217843 -0.997924 72.9077 -0.189811 0.217213 0.0363177 2.5
 V 12    71.5117 -7.72232 -0.126852 87.8858 0.411258 11.0047 -8.36779 -0.117828 1.52731 2.63579 -0.656708 0.529948
 V 12    0.0845478 0.991049 79.1087 1.35506 60.4788 0.275404 0.953685 101.873 2.02088 3.6115 7.02645 6.72
 V 12    72.7014 61.4323 1.07501 145.349 -1.23295 4.98398 20.4778 -0.0579532 2.66613 0.735913 1.53818 2.9496
 V 12    -0.067531 -0.995859 85.3253 1.36837 65.0013 -0.255712 -0.963777 107.79 2.24995 3.4439 7.18427 7.07333
 V 12    72.1952 -4.03788 0.990401 81.5927 -0.509314 2.79739 -3.93041 -0.312045 2.19516 7.29466 -0.209265 0.419649
 V 12    0 0 0 0 0 0 0 0 0 0 0 0
 V 12    0 0 0 0 0 0 0 0 0 0 0 0
 V 12    0.168885 0.954362 64.7779 0.881044 36.331 0.396249 0.795785 108.979 4.31118 5.02115 3.21005 7.65333
 V 12    57.9432 66.5588 1.74459 116.681 -1.83632 12.0405 -3.0025 -0.191058 4.24935 12.9362 -3.16795 1.26517
 V 12    -0.130542 -0.988891 58.6281 1.15576 52.8127 -0.142249 -0.964811 126.734 5.90353 7.8276 11.9575 7.71333
 V 12    59.3141 -4.82943 -1.49093 69.1114 1.38378 23.1491 -20.6208 0.159987 5.97042 19.5765 -0.983929 -1.18935
 V 12    0.831715 -0.42174 124.764 0.430832 122.086 0.866434 -0.396734 128.363 0.434767 1.43219 2.49303 3.63333
 V 12    117.591 -22.2888 -0.327509 56.1211 0.631526 6.37988 -12.0346 -0.0147602 2.58341 1.43567 0.805491 0.78397
 V 11    -163.824 -259.002 -148.179 -150.871 -79.9854 -164.067 -81.5792 -0 -143.376 -133.501 -92.032
 M 12 12
 154.237 -5.1651 -0.248939 51.5103 0.128987 -37.6612 4.12167 0.115299 1.07082 -0.146438 0.385108 -0.412705
 -5.1651 136.737 0.12035 14.3755 -0.0291214 -17.0376 -102.616 -0.0664486 -1.39088 3.40255 -0.68347 0.560556
 -0.248939 0.12035 0.122677 0.00830623 -0.0951407 -0.314648 0.0856071 -0.0258563 -0.0458333 0.164988 -0.0803785 -0.0423575
 51.5103 14.3755 0.00830623 84.3251 -0.205434 5.12473 13.3444 0.0438463 1.27891 0.0724866 -0.0839429 0.504051
 0.128987 -0.0291214 -0.0951407 -0.205434 0.082495 0.0861485 -0.424607 0.0155308 0.0322825 -0.0969249 0.0634908 0.0354724
 -37.6612 -17.0376 -0.314648 5.12473 0.0861485 50.4614 7.71106 0.111789 1.64885 -0.472846 -0.0696273 0.597543
 4.12167 -102.616 0.0856071 13.3444 -0.424607 7.71106 117.522 0.153587 1.22156 -7.47375 1.75882 0.739181
 0.115299 -0.0664486 -0.0258563 0.0438463 0.0155308 0.111789 0.153587 0.00904709 0.00947425 -0.0792907 0.023596 0.00705533
 1.07082 -1.39088 -0.0458333 1.27891 0.0322825 1.64885 1.22156 0.00947425 0.921562 -0.0687988 -0.0262179 -0.0177828
 -0.146438 3.40255 0.164988 0.0724866 -0.0969249 -0.472846 -7.47375 -0.0792907 -0.0687988 5.4733 -1.30444 -0.749848
 0.385108 -0.68347 -0.0803785 -0.0839429 0.0634908 -0.0696273 1.75882 0.023596 -0.0262179 -1.30444 0.661735 0.129144
 -0.412705 0.560556 -0.0423575 0.504051 0.0354724 0.597543 0.739181 0.00705533 -0.0177828 -0.749848 0.129144 0.476159
